

## Example response in JSON

```json
[
    [
        [
            29.3911399390392,
            6.736696955877591,
            20.32851073448559,
            10.502258556219363,
            0.19236323024352164,
            -0.02670751816810163
        ],
        [
            6.736696955877591,
            29.271172808976075,
            20.138668056347363,
            -10.565282114875533,
            0.08748362500454987,
            -0.0254693579880807
        ],
        [
            20.32851073448559,
            20.138668056347363,
            65.75692517360142,
            -0.1431176838109688,
            0.3686993700841885,
            -0.07157354149126124
        ],
        [
            10.502258556219363,
            -10.565282114875533,
            -0.1431176838109688,
            29.81003555661473,
            0.1318850701832161,
            0.02979151861865917
        ],
        [
            0.19236323024352164,
            0.08748362500454987,
            0.3686993700841885,
            0.1318850701832161,
            30.11837266351791,
            10.618308592212628
        ],
        [
            -0.02670751816810163,
            -0.0254693579880807,
            -0.07157354149126124,
            0.02979151861865917,
            10.618308592212628,
            11.229104252176107
        ]
    ],
    [
        [
            [
                -555.0143302590111,
                -90.08397994353737,
                -254.9617295035028,
                -126.03536376914721,
                -2.6799708161025944,
                -0.5487127631401876
            ],
            [
                -90.08397994353737,
                -65.22047327732244,
                -47.415650357861196,
                -65.56215224483253,
                -1.0986767923226193,
                0.2975971318388737
            ],
            [
                -254.9617295035028,
                -47.415650357861196,
                -261.49934584569064,
                -138.1008796231785,
                -5.5296884915972235,
                0.2267543545816828
            ],
            [
                -126.03536376914721,
                -65.56215224483253,
                -138.1008796231785,
                -75.33060474373616,
                -1.0951074107106962,
                -2.034216020080393
            ],
            [
                -2.6799708161025944,
                -1.0986767923226193,
                -5.5296884915972235,
                -1.0951074107106962,
                -324.1835798377422,
                -160.72307313332146
            ],
            [
                -0.5487127631401876,
                0.2975971318388737,
                0.2267543545816828,
                -2.034216020080393,
                -160.72307313332146,
                -136.50731145117015
            ]
        ],
        [
            [
                -90.08397994353737,
                -65.22047327732244,
                -47.415650357861196,
                -65.56215224483253,
                -1.0986767923226193,
                0.2975971318388737
            ],
            [
                -65.22047327732244,
                -583.2280615212806,
                -252.3688532252678,
                258.2882406483642,
                2.9555040070893233,
                0.29240457833323374
            ],
            [
                -47.415650357861196,
                -252.3688532252678,
                -261.40893226937965,
                158.77683872348035,
                -4.935346089204874,
                -0.1801085086083905
            ],
            [
                -65.56215224483253,
                258.2882406483642,
                158.77683872348035,
                -312.17677742670776,
                -4.8131970020292485,
                -2.244927040348701
            ],
            [
                -1.0986767923226193,
                2.9555040070893233,
                -4.935346089204874,
                -4.8131970020292485,
                -79.48721335595363,
                -30.73649427363229
            ],
            [
                0.2975971318388737,
                0.29240457833323374,
                -0.1801085086083905,
                -2.244927040348701,
                -30.73649427363229,
                -110.4991333716182
            ]
        ],
        [
            [
                -254.9617295035028,
                -47.415650357861196,
                -261.49934584569064,
                -138.1008796231785,
                -5.5296884915972235,
                0.2267543545816828
            ],
            [
                -47.415650357861196,
                -252.3688532252678,
                -261.40893226937965,
                158.77683872348035,
                -4.935346089204874,
                -0.1801085086083905
            ],
            [
                -261.49934584569064,
                -261.40893226937965,
                -432.95917920828674,
                -9.2827108848754,
                7.350543873410642,
                0.34869639467017166
            ],
            [
                -138.1008796231785,
                158.77683872348035,
                -9.2827108848754,
                -240.41861682444568,
                -15.230272112426569,
                -9.934006260586784
            ],
            [
                -5.5296884915972235,
                -4.935346089204874,
                7.350543873410642,
                -15.230272112426569,
                -267.40518254406607,
                -130.31084165182568
            ],
            [
                0.2267543545816828,
                -0.1801085086083905,
                0.34869639467017166,
                -9.934006260586784,
                -130.31084165182568,
                -85.33592552201671
            ]
        ],
        [
            [
                -126.03536376914721,
                -65.56215224483253,
                -138.1008796231785,
                -75.33060474373616,
                -1.0951074107106962,
                -2.034216020080393
            ],
            [
                -65.56215224483253,
                258.2882406483642,
                158.77683872348035,
                -312.17677742670776,
                -4.8131970020292485,
                -2.244927040348701
            ],
            [
                -138.1008796231785,
                158.77683872348035,
                -9.2827108848754,
                -240.41861682444568,
                -15.230272112426569,
                -9.934006260586784
            ],
            [
                -75.33060474373616,
                -312.17677742670776,
                -240.41861682444568,
                177.47934165050629,
                1.6799295056437842,
                2.0480458735877107
            ],
            [
                -1.0951074107106962,
                -4.8131970020292485,
                -15.230272112426569,
                1.6799295056437842,
                -182.2740795525691,
                -118.95084458510698
            ],
            [
                -2.034216020080393,
                -2.244927040348701,
                -9.934006260586784,
                2.0480458735877107,
                -118.95084458510698,
                -64.24510486139533
            ]
        ],
        [
            [
                -2.6799708161025944,
                -1.0986767923226193,
                -5.5296884915972235,
                -1.0951074107106962,
                -324.1835798377422,
                -160.72307313332146
            ],
            [
                -1.0986767923226193,
                2.9555040070893233,
                -4.935346089204874,
                -4.8131970020292485,
                -79.48721335595363,
                -30.73649427363229
            ],
            [
                -5.5296884915972235,
                -4.935346089204874,
                7.350543873410642,
                -15.230272112426569,
                -267.40518254406607,
                -130.31084165182568
            ],
            [
                -1.0951074107106962,
                -4.8131970020292485,
                -15.230272112426569,
                1.6799295056437842,
                -182.2740795525691,
                -118.95084458510698
            ],
            [
                -324.1835798377422,
                -79.48721335595363,
                -267.40518254406607,
                -182.2740795525691,
                -1.7026186465584878,
                -1.6007227477703054
            ],
            [
                -160.72307313332146,
                -30.73649427363229,
                -130.31084165182568,
                -118.95084458510698,
                -1.6007227477703054,
                2.1155911157180896
            ]
        ],
        [
            [
                -0.5487127631401876,
                0.2975971318388737,
                0.2267543545816828,
                -2.034216020080393,
                -160.72307313332146,
                -136.50731145117015
            ],
            [
                0.2975971318388737,
                0.29240457833323374,
                -0.1801085086083905,
                -2.244927040348701,
                -30.73649427363229,
                -110.4991333716182
            ],
            [
                0.2267543545816828,
                -0.1801085086083905,
                0.34869639467017166,
                -9.934006260586784,
                -130.31084165182568,
                -85.33592552201671
            ],
            [
                -2.034216020080393,
                -2.244927040348701,
                -9.934006260586784,
                2.0480458735877107,
                -118.95084458510698,
                -64.24510486139533
            ],
            [
                -160.72307313332146,
                -30.73649427363229,
                -130.31084165182568,
                -118.95084458510698,
                -1.6007227477703054,
                2.1155911157180896
            ],
            [
                -136.50731145117015,
                -110.4991333716182,
                -85.33592552201671,
                -64.24510486139533,
                2.1155911157180896,
                -2.3384114345186156
            ]
        ]
    ]
]
```

